   1.0000000e+00   1.0000000e+00   1.0000000e+00
   1.0000000e+00   1.0000000e+00   2.1000000e+00
   1.0000000e+00   2.0000000e+00   1.0000000e+00
   1.0000000e+00   2.0000000e+00   3.0000000e+00
   1.0000000e+00   2.0000000e+00   2.1000000e+00
   1.0000000e+00   3.0000000e+00   2.0000000e+00
   2.0000000e+00   7.0000000e+00   7.0000000e+00
   2.0000000e+00   8.0000000e+00   7.0000000e+00
   2.0000000e+00   8.0000000e+00   8.1000000e+00
   2.0000000e+00   8.0000000e+00   9.0000000e+00
   2.0000000e+00   9.0000000e+00   8.1000000e+00
   2.0000000e+00   9.0000000e+00   6.0000000e+00